50
(400, 400), (410, 400), 5, 0, 0
(400, 410), (410, 410), -5, 0, 0
(400, 420), (410, 420), 5, 0, 0
(400, 430), (410, 430), -5, 0, 0
(400, 440), (410, 440), 5, 0, 0
(400, 450), (410, 450), -5, 0, 0
(400, 460), (410, 460), 5, 0, 0
(400, 470), (410, 470), -5, 0, 0
(400, 480), (410, 480), 5, 0, 0
(400, 490), (410, 490), -5, 0, 0
(400, 500), (410, 500), 5, 0, 0
(400, 510), (410, 510), -5, 0, 0
(400, 520), (410, 520), 5, 0, 0
(400, 530), (410, 530), -5, 0, 0
(400, 540), (410, 540), 5, 0, 0
(400, 550), (410, 550), -5, 0, 0
(400, 560), (410, 560), 5, 0, 0
(400, 570), (410, 570), -5, 0, 0
(400, 580), (410, 580), 5, 0, 0
(400, 590), (410, 590), -5, 0, 0
(400, 600), (410, 600), 5, 0, 0
(400, 610), (410, 610), -5, 0, 0
(400, 620), (410, 620), 5, 0, 0
(400, 630), (410, 630), -5, 0, 0
(400, 640), (410, 640), 5, 0, 0
(300, 400), (300, 640), 0, 5, 1
(320, 400), (320, 640), 0, -5, 1
(340, 400), (340, 640), 0, 5, 1
(360, 400), (360, 640), 0, -5, 1
(380, 400), (380, 640), 0, 5, 1
(420, 400), (420, 640), 0, -5, 1
(440, 400), (440, 640), 0, 5, 1
(460, 400), (460, 640), 0, -5, 1
(480, 400), (480, 640), 0, 5, 1
(500, 400), (500, 640), 0, -5, 1
(350, 450), (450, 450), 3, 3, 0
(350, 500), (450, 500), -3, 3, 0
(350, 550), (450, 550), 3, -3, 0
(350, 600), (450, 600), -3, -3, 0
(400, 400), (500, 500), 2, 2, 1
(500, 400), (400, 500), -2, 2, 1
(400, 500), (500, 600), 2, -2, 1
(500, 500), (400, 600), -2, -2, 1
(450, 400), (450, 640), 1, 1, 0
(350, 520), (450, 520), -1, 1, 0
(380, 480), (420, 520), 2, -2, 0
(420, 480), (380, 520), -2, -2, 0
(400, 520), (440, 560), 1, 1, 1
(440, 520), (400, 560), -1, 1, 1
(360, 440), (440, 440), 0, 3, 0
