20
(200, 100), (600, 100), 3, 2, 0
(200, 200), (600, 200), -3, 2, 0
(200, 300), (600, 300), 3, -2, 0
(200, 400), (600, 400), -3, -2, 0
(200, 500), (600, 500), 3, 2, 0
(100, 200), (100, 600), 2, 3, 1
(200, 200), (200, 600), -2, 3, 1
(300, 200), (300, 600), 2, -3, 1
(400, 200), (400, 600), -2, -3, 1
(500, 200), (500, 600), 2, 3, 1
(150, 150), (650, 650), 4, 4, 0
(650, 150), (150, 650), -4, 4, 0
(150, 350), (650, 350), 3, 0, 0
(350, 150), (350, 650), 0, 3, 0
(250, 250), (550, 550), 2, 2, 1
(550, 250), (250, 550), -2, 2, 1
(400, 100), (400, 700), 1, 4, 0
(100, 400), (700, 400), 4, 1, 0
(300, 300), (500, 500), -1, -1, 1
(500, 300), (300, 500), 1, -1, 1
