1000
(427.9, 305.0), (423.4, 299.5), 0.9, 0.7, 0
(418.1, 306.4), (410.0, 301.0), 0.4, 0.2, 1
(344.1, 417.9), (350.3, 408.0), 1.2, 0.8, 1
(355.6, 343.1), (360.8, 335.1), -0.5, -0.6, 1
(420.7, 461.4), (425.3, 462.2), 1.9, -0.5, 1
(465.9, 423.7), (473.1, 425.3), 0.8, -1.8, 0
(454.6, 497.0), (461.7, 504.4), -0.5, -0.2, 1
(332.5, 371.1), (335.9, 375.1), 0.7, -1.7, 0
(406.8, 349.0), (406.1, 344.4), 1.7, 0.8, 0
(436.9, 468.6), (442.4, 463.2), -1.9, -0.7, 1
(313.2, 482.6), (314.6, 487.0), -1.1, -0.0, 1
(328.6, 327.9), (333.5, 328.7), 1.0, -0.3, 1
(372.4, 499.5), (365.2, 499.3), 1.0, 1.4, 0
(425.5, 458.4), (423.9, 449.7), -0.5, 2.0, 1
(494.2, 472.2), (484.4, 476.6), 0.7, 0.1, 1
(453.7, 368.0), (449.6, 361.2), -2.0, 0.9, 1
(494.4, 452.4), (494.5, 444.5), 0.5, 1.4, 0
(330.6, 452.5), (331.4, 458.1), 0.1, -2.0, 1
(397.7, 322.4), (395.0, 332.1), 1.2, -1.0, 0
(475.6, 489.4), (467.3, 489.1), -1.7, 1.0, 0
(325.7, 395.1), (326.7, 390.4), 1.5, -0.3, 0
(485.8, 451.1), (489.6, 455.3), -0.4, 0.7, 1
(387.6, 403.5), (380.0, 398.0), -0.6, 0.4, 0
(417.7, 301.4), (421.8, 292.6), -1.7, -1.9, 1
(314.2, 347.6), (317.6, 341.9), -1.5, 1.7, 1
(348.6, 394.6), (346.7, 386.5), 0.6, -0.6, 1
(393.4, 445.8), (396.9, 455.5), -1.6, -0.4, 1
(460.1, 321.9), (454.0, 322.6), -1.4, -1.3, 1
(350.0, 484.7), (348.8, 491.9), 0.2, -1.8, 0
(493.8, 485.3), (500.8, 478.6), -0.1, -1.1, 1
(480.5, 332.9), (470.5, 330.7), 1.7, 1.1, 1
(384.6, 491.5), (394.5, 492.6), 0.9, -1.4, 1
(343.5, 311.7), (348.3, 302.9), -0.7, -1.8, 1
(400.6, 470.5), (393.7, 479.8), -1.7, -1.3, 0
(435.0, 347.0), (427.4, 354.8), -1.0, 0.4, 0
(383.8, 416.7), (384.3, 425.4), -1.2, 0.9, 0
(353.1, 326.2), (356.0, 325.3), 1.7, 1.7, 0
(391.7, 499.7), (401.6, 491.2), -1.1, -0.9, 1
(476.2, 475.9), (473.6, 469.0), 1.3, 0.8, 0
(433.6, 410.9), (442.2, 403.0), 1.5, -0.9, 0
(448.5, 331.1), (444.1, 325.3), -0.6, 0.7, 1
(401.1, 350.2), (409.2, 341.2), 0.5, 1.3, 0
(300.7, 454.2), (303.5, 449.5), 1.0, 0.2, 1
(412.2, 322.4), (421.1, 326.2), -1.4, -1.9, 1
(416.5, 329.6), (409.1, 325.8), 1.6, 1.2, 0
(479.8, 342.0), (474.8, 334.1), 1.1, 1.5, 1
(494.8, 449.9), (503.3, 444.6), -1.3, 1.2, 0
(476.3, 305.0), (481.0, 301.6), 1.7, 1.2, 0
(353.4, 457.5), (345.5, 464.9), 1.4, -1.1, 1
(369.9, 464.1), (377.4, 458.6), 0.6, -0.4, 1
(472.9, 493.4), (468.5, 496.2), -0.4, 1.9, 1
(487.8, 323.1), (497.3, 316.6), 1.9, -0.9, 0
(419.3, 369.1), (425.0, 367.9), 1.9, -1.5, 0
(350.9, 441.8), (341.0, 450.3), 0.2, 0.9, 0
(372.8, 314.0), (376.1, 310.6), -0.7, 1.4, 1
(401.4, 433.4), (397.9, 437.3), 0.2, -1.2, 1
(435.5, 480.6), (437.8, 476.6), 0.2, -2.0, 1
(342.0, 457.2), (344.2, 453.6), -0.2, 0.7, 1
(458.7, 492.0), (463.5, 495.1), -0.9, 0.7, 1
(318.7, 490.4), (313.4, 486.6), 1.2, -1.4, 0
(349.0, 395.0), (356.0, 386.5), -0.3, 0.5, 0
(443.7, 376.8), (441.7, 369.7), 0.8, 1.6, 0
(455.7, 343.8), (461.8, 347.7), -0.1, 0.2, 0
(391.3, 460.3), (394.6, 470.0), 0.4, 1.8, 1
(422.5, 443.9), (422.6, 450.5), 0.2, 1.6, 1
(390.0, 450.4), (396.8, 445.9), 1.1, -0.1, 0
(354.9, 315.5), (350.6, 310.9), -0.7, 0.2, 0
(330.2, 376.6), (323.2, 370.9), -0.3, -0.7, 1
(383.2, 341.4), (381.6, 349.5), 0.3, 0.8, 1
(395.4, 488.5), (391.4, 486.3), 1.6, 1.3, 0
(397.6, 354.6), (397.4, 352.4), 0.7, 1.2, 0
(468.1, 483.9), (477.7, 484.6), 1.6, 0.4, 0
(316.8, 385.7), (324.1, 379.4), -1.0, -0.7, 1
(365.4, 452.2), (363.0, 457.3), 1.3, -1.0, 0
(394.1, 449.8), (385.1, 458.8), -1.1, -1.7, 0
(450.8, 489.9), (444.8, 480.3), -1.4, -1.5, 0
(412.8, 343.6), (416.8, 348.9), -1.3, 0.4, 0
(455.6, 332.8), (451.8, 334.3), 1.7, 0.3, 1
(379.3, 443.0), (370.9, 446.8), 0.5, -1.6, 1
(470.1, 420.1), (462.5, 429.8), 1.1, -0.6, 1
(432.3, 313.8), (435.3, 304.0), -0.3, -0.0, 1
(492.2, 427.1), (498.7, 431.3), -0.3, 0.9, 1
(423.2, 483.9), (428.7, 483.2), 1.3, 0.4, 1
(470.3, 466.1), (462.1, 473.8), -1.0, -0.1, 1
(367.3, 398.9), (363.8, 398.6), -0.6, -1.0, 1
(476.1, 440.2), (471.6, 430.4), 1.8, -1.7, 1
(397.7, 451.6), (401.5, 454.6), -0.0, 1.2, 0
(358.8, 380.9), (353.7, 384.2), -0.5, 0.2, 1
(385.1, 449.2), (381.7, 453.2), -0.9, -1.0, 0
(444.3, 363.1), (449.1, 372.1), 0.8, -1.2, 1
(355.3, 417.9), (360.5, 419.9), 1.9, 1.3, 1
(345.5, 335.9), (335.8, 336.6), -0.9, 1.9, 1
(439.5, 325.3), (446.9, 325.1), 1.5, 0.3, 1
(395.7, 368.1), (405.1, 363.2), 1.4, -1.5, 0
(380.1, 314.8), (382.7, 305.9), -1.4, 0.3, 1
(317.0, 349.6), (318.2, 348.0), 0.4, 0.5, 1
(390.1, 388.5), (397.3, 398.3), -0.8, 0.5, 0
(489.5, 341.6), (483.7, 344.8), -1.4, -1.3, 0
(331.3, 381.7), (335.1, 381.1), -1.9, -0.8, 1
(440.6, 390.8), (444.3, 399.3), 1.2, 0.5, 0
(385.0, 408.9), (388.0, 417.1), 1.3, -1.7, 0
(458.5, 419.0), (465.0, 427.4), -0.2, -0.1, 1
(439.9, 488.5), (440.0, 488.4), -1.7, -1.8, 1
(446.9, 420.7), (437.4, 415.3), 0.7, 1.4, 0
(499.9, 434.5), (495.3, 425.3), 1.0, -0.1, 1
(483.2, 336.3), (484.9, 339.0), -0.0, -1.6, 1
(381.7, 364.2), (373.8, 357.4), -0.4, -0.0, 1
(462.7, 410.0), (461.8, 406.3), -0.7, 1.9, 1
(473.0, 465.0), (463.0, 472.4), -0.2, -1.8, 1
(424.5, 399.7), (423.4, 390.7), -0.9, -1.5, 1
(387.6, 439.7), (380.1, 449.1), 0.4, -1.0, 0
(362.2, 302.7), (360.3, 297.2), 1.4, -1.5, 0
(429.5, 330.8), (438.2, 326.6), 0.8, -0.3, 1
(496.0, 348.7), (497.1, 346.4), 1.7, 0.0, 0
(472.8, 355.2), (478.6, 353.5), 1.7, 0.0, 0
(356.6, 359.7), (358.3, 369.7), -0.0, -1.4, 1
(369.0, 410.4), (369.9, 409.5), -0.7, -1.2, 0
(414.4, 346.7), (419.9, 337.6), 1.0, 0.8, 1
(377.2, 432.7), (383.6, 442.4), -0.0, -1.9, 1
(473.9, 474.8), (472.7, 475.4), -0.2, 0.9, 1
(474.2, 494.0), (465.7, 499.6), -0.9, 0.5, 1
(430.0, 470.4), (437.0, 477.5), -0.5, -0.7, 1
(474.5, 307.2), (465.8, 309.8), 1.7, 2.0, 0
(386.8, 319.7), (389.5, 327.1), -0.2, 0.8, 0
(309.2, 459.2), (305.1, 456.7), -1.4, 0.1, 0
(334.0, 315.8), (341.4, 318.2), -1.0, 1.7, 0
(346.4, 427.6), (345.6, 430.9), 1.6, -0.1, 1
(435.5, 331.6), (434.4, 328.5), 0.4, 0.6, 1
(438.1, 391.4), (434.1, 401.4), 1.4, -1.6, 1
(414.4, 415.0), (424.2, 410.9), 1.9, 0.6, 1
(301.6, 473.0), (307.2, 482.5), 1.6, 1.0, 1
(455.1, 346.0), (461.2, 340.4), -1.2, -1.0, 0
(425.6, 480.7), (428.6, 476.9), -0.2, 0.3, 0
(318.0, 359.0), (323.0, 352.5), -1.5, 0.2, 1
(406.2, 482.7), (412.8, 477.8), 1.3, -0.1, 1
(449.3, 367.7), (441.6, 377.0), -1.4, 1.9, 1
(493.5, 460.9), (490.8, 466.7), -1.9, 0.1, 1
(373.7, 449.8), (369.0, 447.4), 0.6, -0.5, 0
(394.3, 423.9), (403.2, 420.5), 0.4, 0.6, 1
(481.9, 360.4), (480.0, 353.2), 1.8, -0.8, 1
(323.2, 347.0), (324.0, 344.7), -0.5, 1.8, 1
(417.5, 445.3), (425.2, 448.4), 1.3, 0.5, 1
(306.5, 374.1), (305.4, 383.1), 1.4, -1.6, 1
(408.9, 495.6), (406.1, 493.5), -1.2, -1.5, 1
(318.3, 342.4), (321.1, 351.8), -1.8, -0.7, 0
(457.4, 341.0), (464.0, 342.1), 0.3, 1.3, 0
(365.7, 329.5), (373.7, 319.6), 1.4, -1.4, 0
(408.0, 459.7), (400.2, 467.0), -1.5, -0.6, 0
(417.8, 303.2), (413.1, 295.7), -0.3, -1.5, 0
(395.2, 455.6), (395.5, 447.8), 0.0, 1.8, 0
(445.4, 481.8), (448.6, 477.8), 0.6, -1.9, 1
(469.5, 385.3), (461.6, 389.5), -0.2, 1.6, 1
(421.7, 313.1), (417.2, 315.8), 0.2, -0.7, 1
(390.7, 421.1), (382.7, 425.1), 1.4, 0.6, 0
(386.0, 477.6), (384.3, 484.2), -0.4, 0.9, 1
(385.4, 433.0), (382.8, 426.1), 1.7, -1.7, 0
(318.6, 319.3), (323.4, 325.5), 0.2, 0.3, 1
(434.0, 382.2), (441.5, 391.0), -0.3, 1.7, 0
(493.7, 420.1), (490.7, 421.6), -1.1, 0.6, 0
(469.5, 370.0), (470.6, 362.3), -0.9, -1.1, 1
(469.0, 494.9), (475.4, 497.2), 0.6, -1.9, 1
(305.8, 354.7), (311.0, 363.1), -0.6, -1.3, 0
(413.3, 380.2), (406.1, 382.8), -1.9, 1.0, 0
(375.2, 390.7), (368.4, 387.0), -0.7, 1.8, 0
(476.7, 331.1), (481.8, 322.1), -1.7, -0.2, 1
(397.1, 388.4), (392.6, 393.5), -1.5, -0.3, 1
(435.6, 418.6), (436.2, 414.8), -1.1, 1.9, 0
(301.5, 360.3), (295.8, 353.0), -1.0, -0.7, 0
(399.5, 386.1), (392.1, 386.8), -1.1, 0.2, 1
(314.4, 472.4), (305.3, 462.7), 1.7, 1.4, 1
(414.7, 441.9), (413.0, 434.2), -1.9, -0.7, 1
(466.4, 484.0), (458.2, 490.8), -1.0, 0.4, 0
(379.2, 362.1), (375.9, 358.7), -1.3, 0.0, 0
(406.1, 338.8), (411.6, 335.8), 1.8, 0.6, 0
(347.3, 329.3), (341.2, 331.3), 1.0, 0.6, 0
(490.3, 425.6), (489.5, 426.9), 0.3, 0.7, 1
(472.8, 425.4), (465.9, 416.8), -0.2, -0.8, 1
(418.3, 370.4), (409.8, 369.6), -1.8, -0.5, 1
(315.3, 472.9), (322.5, 475.2), 0.0, -0.1, 0
(389.9, 462.0), (393.0, 458.4), -0.1, -1.4, 0
(390.1, 462.2), (396.9, 471.8), -1.7, 0.6, 0
(349.5, 387.6), (348.3, 388.0), -1.4, -0.5, 1
(377.5, 454.9), (381.1, 445.9), 0.5, -0.7, 1
(318.9, 435.7), (314.6, 440.2), 0.6, 1.6, 0
(366.7, 416.5), (359.5, 413.5), 1.9, 0.8, 1
(325.8, 441.8), (317.5, 442.9), 0.6, -0.7, 0
(434.0, 465.8), (438.8, 469.5), 0.1, 0.6, 1
(401.7, 303.6), (397.9, 312.7), -0.6, 1.1, 0
(345.3, 327.5), (336.9, 334.4), -1.6, 1.1, 0
(432.4, 475.3), (434.7, 477.2), -1.4, -1.3, 0
(444.2, 308.7), (441.5, 313.1), 1.9, 0.4, 1
(346.8, 347.8), (356.1, 353.5), 1.6, -1.2, 1
(392.3, 356.4), (390.0, 356.9), 1.9, 1.3, 0
(474.6, 310.4), (474.2, 307.9), 1.7, 0.8, 0
(357.0, 452.6), (352.5, 460.7), -1.4, -0.3, 0
(463.3, 476.9), (472.0, 475.2), -0.4, -0.5, 1
(498.9, 375.0), (489.5, 383.6), 1.4, 0.6, 0
(327.5, 357.4), (334.1, 361.3), -1.4, 0.8, 1
(423.1, 481.2), (413.4, 475.5), -1.4, 1.8, 1
(322.2, 357.6), (318.3, 348.6), -0.3, 1.2, 1
(312.6, 467.3), (312.6, 468.1), 0.5, 0.3, 0
(358.3, 300.3), (355.3, 301.7), -1.3, 0.7, 1
(313.5, 405.2), (313.7, 415.0), 0.2, -0.4, 1
(308.7, 377.4), (306.2, 382.3), -0.6, -1.7, 0
(446.6, 425.7), (452.0, 430.4), -0.7, -1.8, 1
(462.7, 335.0), (468.3, 334.3), 0.8, 0.5, 0
(312.6, 455.2), (311.8, 451.1), -1.8, -1.2, 0
(363.1, 362.0), (361.1, 368.3), -0.1, -1.9, 0
(357.2, 472.4), (348.2, 475.5), -0.9, 1.2, 1
(477.9, 448.7), (485.8, 446.4), 1.9, -0.0, 1
(373.5, 459.5), (368.8, 451.1), -0.3, -0.3, 0
(409.1, 364.2), (400.7, 367.5), -0.8, 0.4, 1
(333.3, 388.8), (332.3, 393.3), 1.6, 0.5, 1
(354.9, 496.0), (363.9, 487.5), 0.6, -0.5, 0
(490.6, 328.6), (492.7, 334.2), -1.9, -1.7, 1
(372.4, 489.9), (363.1, 483.0), -0.2, -0.5, 1
(452.6, 414.8), (453.2, 412.7), 0.6, -1.0, 0
(305.2, 337.2), (305.5, 345.5), -1.5, 1.1, 1
(342.9, 422.4), (346.8, 432.3), -1.2, -1.5, 0
(390.4, 479.7), (389.3, 471.5), 0.7, 1.4, 1
(433.6, 441.9), (434.6, 437.7), -0.8, -1.4, 0
(458.7, 401.8), (451.2, 395.8), -1.4, 1.2, 0
(372.2, 414.5), (371.5, 424.1), -1.5, 1.5, 0
(361.9, 499.9), (366.2, 500.4), 1.1, 1.3, 0
(325.1, 363.4), (316.5, 362.7), 0.1, -1.5, 0
(453.6, 325.8), (453.6, 333.2), 1.3, 0.1, 1
(332.9, 364.5), (337.1, 361.5), 1.8, 1.6, 0
(350.1, 427.0), (351.1, 419.5), -0.8, 0.1, 0
(418.4, 416.1), (411.8, 418.6), 1.6, -0.6, 0
(465.0, 305.7), (456.0, 308.5), 0.3, 0.6, 1
(423.6, 306.1), (431.4, 307.0), 0.6, -0.8, 0
(460.9, 437.0), (456.9, 428.5), -1.8, -0.2, 1
(392.9, 368.0), (385.8, 375.3), -0.7, 2.0, 1
(495.1, 326.2), (492.5, 327.4), -0.7, -0.1, 1
(389.9, 328.2), (380.9, 337.1), 1.5, -0.3, 0
(462.7, 486.8), (467.1, 480.5), -1.4, 2.0, 1
(399.8, 361.7), (390.2, 370.6), 0.0, 1.9, 0
(416.7, 309.7), (412.3, 311.7), 1.4, 0.7, 1
(407.3, 469.4), (406.0, 477.1), 0.9, 1.1, 1
(309.0, 310.2), (310.3, 307.5), -0.8, -0.5, 1
(452.9, 355.9), (462.7, 359.6), -1.5, 1.9, 1
(374.6, 497.4), (375.8, 494.7), -1.4, 0.4, 1
(400.0, 309.1), (392.8, 305.7), -0.1, -0.2, 0
(365.6, 422.6), (358.8, 432.4), 1.0, -0.8, 1
(401.5, 401.9), (401.3, 403.2), -0.1, -1.9, 1
(434.8, 496.0), (436.4, 501.9), 0.9, 0.8, 0
(419.4, 353.1), (422.5, 362.5), 0.3, -1.1, 0
(416.7, 334.1), (419.3, 336.5), 1.4, -1.4, 0
(306.3, 489.6), (298.5, 480.0), -0.7, -1.4, 0
(382.1, 455.0), (390.5, 462.5), 0.9, -1.8, 0
(403.7, 412.2), (413.7, 411.7), -0.5, 1.8, 1
(482.4, 368.5), (479.5, 373.9), 0.9, 0.6, 1
(422.0, 338.5), (416.9, 339.6), -1.1, 1.9, 1
(454.2, 441.0), (458.0, 440.8), -0.1, 0.2, 1
(357.6, 414.7), (358.4, 422.6), -0.4, -0.6, 0
(358.1, 357.5), (362.4, 354.5), -0.2, -1.0, 1
(342.8, 465.6), (338.2, 466.8), -0.9, -1.6, 0
(348.5, 434.0), (349.1, 436.7), -1.8, -0.3, 1
(320.1, 454.2), (310.2, 455.2), 1.7, -0.4, 1
(395.5, 339.9), (404.8, 336.3), 0.6, 1.6, 0
(430.5, 346.4), (435.2, 353.5), -1.9, 1.7, 1
(476.4, 335.2), (484.8, 345.1), -0.4, -0.0, 1
(475.3, 301.9), (476.7, 294.0), 1.9, -0.9, 1
(477.9, 326.8), (477.9, 322.3), 1.2, -0.7, 1
(429.7, 443.7), (419.9, 440.5), -0.8, 0.7, 0
(335.1, 471.2), (343.0, 477.8), 0.1, -1.7, 0
(337.0, 328.1), (333.4, 323.1), -1.0, -1.1, 1
(490.8, 360.4), (495.3, 350.6), 0.6, 0.8, 0
(433.6, 393.1), (426.8, 396.8), 1.7, 1.6, 1
(438.1, 427.7), (446.9, 425.1), -1.1, 1.8, 1
(330.6, 449.5), (332.8, 447.9), 0.2, -0.1, 0
(452.4, 436.1), (454.3, 441.8), 0.1, 0.1, 1
(315.6, 412.8), (306.9, 413.8), 0.0, 0.3, 0
(332.9, 470.9), (331.7, 474.5), 0.9, -0.0, 1
(461.7, 390.7), (462.0, 389.8), -1.8, -0.2, 1
(444.7, 379.2), (451.0, 384.1), 0.3, -1.8, 1
(440.1, 408.2), (431.3, 416.1), 1.9, -0.1, 1
(381.8, 453.8), (387.1, 463.4), 0.6, -0.3, 1
(389.7, 483.4), (387.3, 475.0), 1.9, 1.5, 0
(430.7, 369.6), (424.3, 370.3), 0.1, 0.9, 0
(467.0, 451.2), (476.5, 450.5), 0.9, -0.3, 1
(464.7, 349.5), (461.6, 345.0), 1.7, 0.9, 0
(306.4, 432.0), (308.7, 440.8), 1.6, -1.0, 0
(320.2, 306.7), (322.1, 310.8), -1.8, 1.0, 1
(387.8, 408.0), (392.9, 413.5), -1.4, 2.0, 0
(463.2, 446.3), (459.5, 448.3), 0.7, -0.7, 1
(475.3, 497.1), (475.7, 495.4), -0.9, 0.2, 0
(425.2, 385.4), (425.1, 394.9), 1.8, 0.7, 1
(439.3, 381.7), (435.3, 375.3), 0.2, -1.0, 0
(360.1, 441.5), (366.3, 449.8), 0.2, 1.9, 0
(377.7, 351.0), (374.3, 342.6), -0.2, -0.5, 0
(310.3, 375.4), (312.4, 366.2), -1.7, 1.2, 0
(395.9, 473.9), (392.5, 483.0), -1.9, 1.7, 0
(449.4, 450.9), (457.7, 454.8), 0.8, -0.4, 0
(410.4, 455.1), (408.0, 455.8), -0.6, -1.0, 1
(393.2, 460.6), (397.6, 465.8), -0.7, -1.2, 1
(382.8, 412.5), (377.2, 405.4), -1.0, 1.7, 1
(359.0, 339.2), (353.6, 340.6), -1.0, 0.2, 1
(351.5, 464.3), (360.8, 467.2), -0.0, -1.3, 1
(333.9, 444.1), (333.6, 452.4), 0.2, 0.6, 0
(404.8, 467.8), (396.3, 474.2), -1.8, -2.0, 0
(468.5, 346.3), (472.7, 336.5), 0.0, -0.5, 1
(431.9, 303.1), (432.5, 301.4), -1.9, 0.9, 1
(303.4, 462.6), (306.9, 468.8), 1.6, -1.6, 0
(404.9, 348.2), (407.3, 343.2), -0.6, 1.2, 0
(374.6, 381.2), (375.9, 391.0), -1.1, 0.7, 0
(430.7, 471.6), (435.9, 463.5), -0.5, 0.2, 0
(427.3, 440.6), (419.0, 447.5), 0.6, -0.7, 0
(479.0, 483.8), (473.6, 491.9), 0.8, 0.3, 1
(309.3, 314.9), (317.8, 322.9), 0.3, -1.9, 1
(303.1, 341.4), (296.0, 347.8), 1.3, 1.7, 1
(332.5, 348.1), (339.2, 345.9), 1.6, -0.7, 0
(458.1, 437.9), (449.7, 442.8), -0.6, -1.6, 0
(467.7, 368.1), (473.1, 377.2), -0.4, 1.1, 0
(426.8, 456.7), (425.8, 451.3), 0.2, -0.5, 0
(435.9, 432.1), (427.7, 434.5), 1.2, 0.9, 0
(353.6, 376.0), (359.3, 369.1), -0.4, -0.6, 0
(301.0, 361.7), (298.2, 357.0), -1.5, -1.3, 1
(411.4, 402.5), (403.5, 394.3), 0.2, 0.4, 1
(472.7, 302.5), (471.0, 308.1), 0.9, 0.2, 0
(414.4, 333.9), (412.0, 326.7), -0.8, -0.0, 0
(333.4, 355.2), (329.4, 360.8), -0.6, 1.8, 1
(418.8, 339.1), (410.9, 335.2), 1.8, -0.7, 1
(460.8, 365.9), (457.5, 372.2), 1.4, 1.9, 0
(360.1, 420.6), (364.0, 420.2), -1.3, -0.4, 1
(358.3, 439.0), (358.1, 440.5), -1.0, -0.5, 1
(373.0, 486.4), (367.0, 496.4), -1.3, 1.1, 0
(490.6, 392.3), (494.8, 391.1), -0.8, 0.8, 1
(434.6, 327.8), (430.7, 322.9), -1.4, -0.3, 1
(314.8, 498.1), (314.4, 496.2), 0.0, 1.7, 1
(408.7, 458.1), (405.9, 466.1), 0.1, 0.6, 0
(321.9, 349.6), (325.2, 343.0), 0.5, 0.3, 1
(493.4, 366.3), (499.3, 358.4), -1.6, -1.1, 0
(389.2, 378.2), (394.6, 380.0), 0.0, -0.6, 0
(396.6, 359.1), (405.0, 350.8), 1.3, 0.9, 1
(362.4, 391.1), (356.5, 390.7), -0.1, -0.2, 1
(363.8, 360.1), (370.0, 352.4), 1.4, 0.6, 0
(486.0, 448.1), (486.3, 449.1), -0.7, -0.3, 1
(346.4, 381.0), (340.1, 383.8), -0.3, -1.9, 0
(389.9, 385.9), (380.0, 380.2), -0.9, 0.8, 0
(415.5, 459.9), (416.2, 457.2), -1.2, -1.5, 1
(405.5, 427.8), (407.5, 430.0), 0.3, -0.6, 1
(423.5, 462.7), (427.6, 458.7), 0.5, -1.7, 0
(362.6, 347.7), (355.0, 345.2), -1.4, -0.4, 0
(415.0, 384.6), (414.7, 385.4), 1.7, 1.7, 0
(411.0, 397.9), (403.8, 394.2), -0.2, -1.8, 1
(490.4, 396.9), (484.3, 394.6), 0.2, 0.6, 1
(436.9, 383.1), (443.7, 382.9), -1.7, -1.9, 0
(358.4, 355.0), (359.2, 348.3), -0.2, 1.0, 1
(409.9, 322.6), (402.2, 328.1), 1.3, -0.5, 0
(452.0, 388.3), (446.4, 386.8), 0.9, 0.6, 0
(359.5, 499.9), (358.5, 496.8), 1.3, -0.2, 0
(455.1, 347.4), (461.3, 349.1), -0.6, 0.8, 1
(333.2, 327.8), (327.3, 322.0), -1.8, -0.6, 1
(419.4, 333.7), (429.0, 329.5), 0.3, 1.8, 0
(327.1, 450.0), (325.3, 441.2), -0.9, 0.6, 0
(349.9, 442.3), (356.5, 447.5), 0.7, -0.0, 1
(425.6, 375.0), (417.1, 380.9), 1.1, -0.4, 1
(438.9, 475.5), (438.0, 475.2), 0.3, 1.5, 0
(446.2, 391.7), (449.5, 388.9), -1.7, 0.1, 0
(493.6, 465.0), (493.5, 461.4), -0.9, 0.2, 0
(413.2, 397.1), (410.1, 400.7), -1.8, -1.6, 1
(303.3, 485.9), (296.4, 485.0), 2.0, -0.3, 0
(476.4, 360.4), (483.9, 367.9), -1.6, -0.6, 0
(374.4, 480.8), (367.7, 478.7), -0.8, 0.8, 0
(385.8, 318.2), (377.7, 312.5), -1.7, 0.4, 1
(301.9, 439.1), (308.2, 448.9), -0.3, -1.5, 0
(345.8, 317.9), (351.9, 309.9), -0.5, -0.8, 1
(454.7, 450.6), (447.4, 460.5), -1.4, 0.1, 0
(422.1, 332.8), (419.1, 327.1), 1.0, 1.7, 1
(472.0, 317.3), (464.0, 322.4), 0.4, -0.5, 1
(362.9, 328.0), (358.4, 319.7), 0.2, 0.4, 1
(455.8, 438.1), (462.8, 441.3), -0.8, 0.1, 0
(449.6, 359.1), (440.7, 367.1), 1.8, -0.0, 0
(348.2, 427.6), (339.6, 435.4), -2.0, -0.6, 1
(326.4, 472.2), (327.8, 469.5), 0.7, 1.1, 0
(303.3, 313.5), (298.6, 304.3), -1.8, 1.2, 1
(425.7, 400.2), (424.0, 404.2), -1.7, 0.1, 0
(355.5, 362.0), (355.7, 356.0), 1.2, 0.1, 1
(417.3, 452.6), (420.3, 455.5), -0.8, -0.3, 0
(311.6, 317.2), (310.3, 316.3), 0.4, -0.8, 0
(323.9, 441.6), (327.9, 434.9), 1.8, 0.1, 1
(333.4, 325.4), (339.0, 320.8), 1.5, 1.1, 0
(367.0, 385.9), (367.5, 381.1), 1.9, 0.5, 1
(391.0, 372.0), (391.0, 373.4), -0.5, -1.0, 0
(478.9, 434.8), (471.2, 439.6), -2.0, 1.4, 0
(348.9, 394.4), (346.6, 387.4), 1.7, 1.4, 1
(344.9, 349.7), (353.2, 346.1), 1.3, 0.3, 0
(400.4, 480.4), (394.0, 486.5), 1.9, 1.8, 0
(475.4, 473.2), (480.9, 469.4), -1.7, -0.2, 1
(340.1, 412.8), (336.2, 415.2), -0.1, 0.4, 1
(499.6, 455.2), (504.2, 456.1), 1.2, -1.4, 1
(304.8, 408.3), (307.5, 412.2), -2.0, -0.7, 1
(469.8, 445.4), (461.9, 446.0), -1.0, -0.0, 0
(494.5, 328.5), (490.1, 319.4), -1.1, 1.4, 1
(440.2, 374.5), (449.7, 366.2), -1.6, -1.5, 1
(315.0, 413.6), (313.7, 422.8), -1.1, -1.0, 1
(485.2, 378.6), (491.8, 375.1), -0.2, -1.1, 0
(327.2, 454.0), (319.4, 446.1), -0.2, -0.7, 0
(407.2, 492.9), (401.3, 489.1), -0.9, -1.5, 0
(461.5, 360.8), (465.6, 362.9), -1.1, 1.4, 0
(318.2, 349.6), (315.4, 349.9), 0.7, -1.0, 0
(306.2, 380.9), (305.3, 385.8), -1.0, -0.2, 0
(324.3, 312.3), (329.9, 306.8), -1.2, -0.4, 0
(416.5, 351.8), (422.7, 342.2), -1.7, 1.6, 1
(461.9, 318.4), (468.8, 324.6), -1.5, 1.8, 0
(333.6, 414.8), (340.0, 412.7), -1.9, 0.7, 0
(370.8, 481.7), (366.3, 480.6), -1.4, 0.5, 0
(429.5, 399.8), (437.1, 399.4), -1.6, -0.5, 1
(339.9, 476.9), (340.4, 479.5), 1.2, 1.2, 1
(456.4, 371.8), (457.3, 371.5), 1.7, 0.0, 1
(354.1, 305.2), (356.0, 295.8), 1.2, -0.9, 1
(405.9, 453.4), (415.9, 462.8), -1.6, 0.6, 1
(406.7, 458.2), (411.5, 463.5), 1.8, 0.3, 1
(371.0, 467.8), (377.9, 461.4), 0.4, 1.2, 1
(482.8, 305.6), (486.8, 314.6), 0.3, 0.3, 0
(467.3, 462.1), (476.7, 462.9), -1.3, -1.8, 0
(346.5, 343.8), (347.1, 333.8), 1.7, -1.2, 0
(368.2, 335.5), (374.2, 342.9), -1.8, -1.4, 0
(454.9, 469.3), (462.1, 478.5), -0.5, 1.8, 1
(417.2, 367.3), (413.7, 376.8), 0.9, -0.3, 1
(429.8, 334.8), (439.2, 338.7), 1.7, 1.1, 0
(433.1, 462.9), (430.7, 467.6), -0.8, -1.3, 0
(489.8, 489.7), (487.6, 499.6), 1.9, -1.9, 1
(484.2, 493.5), (478.6, 494.8), 1.7, -1.4, 0
(347.6, 496.5), (341.0, 504.2), -1.6, 0.8, 1
(389.3, 353.0), (384.3, 344.4), -1.0, -1.6, 0
(309.6, 387.6), (308.0, 381.0), -0.3, 1.5, 1
(409.2, 320.3), (408.8, 327.6), 0.6, 0.7, 0
(390.3, 459.8), (380.9, 450.2), -1.0, -1.6, 1
(334.0, 375.1), (338.7, 376.0), 1.6, -1.6, 1
(440.9, 386.3), (444.0, 388.4), -0.3, -1.8, 1
(341.1, 338.0), (345.1, 342.4), 0.9, -0.9, 1
(359.5, 319.2), (357.3, 320.2), -0.0, -1.8, 0
(385.5, 358.9), (388.8, 360.9), -1.2, -1.9, 0
(427.6, 495.4), (427.1, 487.7), 1.1, -0.1, 1
(318.2, 408.8), (311.9, 416.5), -0.5, -0.2, 1
(387.9, 352.7), (394.7, 354.0), -1.4, 0.8, 0
(317.1, 368.8), (318.0, 378.2), 0.4, 0.2, 1
(463.7, 383.7), (464.4, 391.1), -0.1, 1.5, 1
(359.8, 379.0), (366.8, 369.7), 0.3, 0.1, 0
(324.1, 451.4), (317.5, 461.1), 1.9, 1.2, 0
(308.5, 315.7), (312.2, 309.7), 1.3, -1.4, 1
(363.9, 445.4), (370.1, 437.2), 0.2, 0.2, 1
(403.9, 483.4), (394.2, 487.4), 0.4, 1.1, 0
(382.9, 329.6), (384.6, 334.8), 1.8, 1.7, 0
(457.1, 473.5), (464.8, 481.1), -0.9, 0.6, 1
(307.5, 355.1), (300.4, 357.3), 0.8, -1.8, 1
(438.1, 309.9), (437.6, 305.2), -0.5, -0.6, 1
(362.2, 468.6), (369.4, 472.3), 1.9, -1.1, 1
(494.8, 388.6), (501.4, 384.0), -0.3, 0.6, 0
(388.3, 482.7), (386.5, 482.4), 0.1, -0.5, 0
(403.1, 331.8), (399.3, 331.9), -1.5, 1.4, 0
(334.7, 475.0), (328.8, 466.2), -1.9, -1.8, 1
(440.9, 354.8), (447.4, 354.9), 0.5, -1.5, 0
(348.4, 397.8), (347.3, 407.0), -0.1, 0.2, 1
(332.7, 478.9), (337.7, 482.7), -0.9, -0.5, 0
(470.8, 456.0), (465.1, 450.4), -1.1, -1.2, 1
(402.7, 472.9), (412.0, 476.6), -0.1, -1.5, 0
(420.2, 301.7), (415.3, 307.8), -0.8, 1.9, 1
(384.8, 375.3), (381.7, 370.3), -0.1, 0.7, 1
(416.9, 301.5), (426.9, 310.8), 1.4, 0.2, 1
(359.7, 321.6), (351.0, 331.4), 0.6, 1.4, 1
(431.2, 490.4), (434.3, 484.2), 0.1, -1.0, 0
(461.1, 460.5), (463.1, 463.7), 0.7, 0.9, 1
(499.5, 351.9), (497.9, 349.7), -1.9, 0.8, 0
(368.6, 442.7), (372.4, 445.4), -0.1, 1.8, 1
(401.5, 469.1), (408.3, 476.6), -1.3, -1.6, 0
(448.2, 445.0), (449.4, 453.3), 1.8, 1.6, 0
(344.5, 344.7), (351.9, 343.1), 1.5, -0.5, 1
(392.8, 323.6), (383.8, 326.2), 0.3, 0.5, 1
(477.9, 400.1), (485.2, 397.7), -0.8, -1.8, 0
(327.5, 340.1), (325.7, 341.4), 1.6, -0.2, 1
(472.5, 336.1), (464.1, 332.7), 1.9, -0.7, 0
(300.9, 354.7), (306.2, 348.1), 1.1, -0.0, 0
(325.9, 386.7), (324.5, 385.3), -0.1, -2.0, 0
(446.1, 490.0), (454.0, 495.2), 0.1, -1.9, 0
(425.3, 349.8), (429.2, 346.7), -1.5, -0.5, 1
(333.4, 464.8), (329.4, 460.6), 0.9, 0.4, 1
(386.7, 437.4), (379.4, 447.3), -0.0, 1.0, 0
(489.6, 483.6), (487.7, 478.2), 0.9, -1.5, 0
(417.9, 333.8), (415.3, 336.8), -1.9, 1.5, 1
(454.2, 424.6), (456.1, 415.6), -1.6, 1.3, 0
(437.9, 383.4), (435.6, 384.3), -0.1, -1.4, 0
(360.2, 432.3), (363.5, 427.7), 0.4, -1.5, 0
(402.3, 423.5), (398.0, 429.2), -0.0, 0.4, 1
(466.3, 494.6), (463.5, 492.8), -1.4, 0.2, 0
(437.6, 396.1), (432.3, 386.4), -1.6, -1.6, 1
(329.8, 318.0), (330.1, 322.5), -1.6, -1.0, 0
(391.4, 495.5), (386.6, 486.5), 1.3, 1.5, 1
(372.0, 435.4), (370.6, 427.7), 1.4, 1.6, 0
(470.4, 432.7), (463.8, 429.8), -0.2, 0.5, 0
(374.5, 368.5), (366.8, 366.5), -0.2, 1.3, 1
(460.0, 429.8), (465.9, 422.0), 0.8, -1.8, 0
(320.7, 482.2), (320.4, 483.6), -0.2, 0.4, 1
(422.3, 472.5), (429.9, 477.1), 1.6, -0.1, 1
(322.6, 382.3), (313.5, 377.5), -0.7, 0.8, 0
(495.6, 434.0), (492.3, 434.4), 0.8, -1.6, 0
(396.4, 432.7), (399.2, 425.7), 1.3, 1.6, 0
(302.3, 486.9), (302.4, 486.3), -0.0, -1.3, 1
(364.1, 366.2), (359.7, 366.3), 0.2, -0.5, 0
(315.8, 388.8), (317.2, 380.6), -0.0, -0.7, 1
(449.0, 303.6), (447.1, 294.3), 0.2, 1.3, 1
(478.0, 412.5), (481.1, 411.6), -0.6, 1.3, 0
(468.9, 366.4), (474.2, 368.4), 0.9, -0.5, 1
(322.8, 451.9), (317.2, 448.7), 1.3, 1.9, 1
(409.5, 374.8), (401.7, 382.7), -0.0, 1.3, 1
(321.4, 422.2), (315.1, 430.8), -0.4, -0.2, 0
(443.4, 321.6), (441.6, 330.1), 1.3, 0.4, 1
(391.5, 417.9), (391.6, 427.1), -2.0, 0.9, 1
(467.8, 396.6), (467.9, 405.0), -1.3, 0.3, 0
(320.7, 431.5), (322.8, 427.9), 1.5, -0.3, 0
(354.7, 492.7), (364.1, 491.8), -1.5, -0.3, 1
(468.6, 409.6), (464.9, 414.3), 0.2, -1.1, 0
(424.8, 358.1), (421.7, 361.6), 1.9, 0.6, 0
(400.8, 438.9), (397.2, 431.2), -0.6, -0.1, 1
(434.8, 478.8), (435.5, 486.3), -0.3, -1.9, 0
(305.1, 329.1), (308.5, 323.1), 1.0, -1.4, 1
(436.7, 329.3), (427.9, 335.0), -1.2, 0.2, 1
(462.8, 320.5), (470.2, 325.3), 1.5, 1.0, 1
(347.5, 456.9), (353.5, 452.6), 0.7, 1.7, 1
(383.3, 457.6), (387.0, 466.9), -1.8, 1.0, 0
(424.1, 456.2), (431.5, 462.8), 1.6, 0.8, 1
(451.0, 409.3), (453.1, 414.8), 1.9, -0.8, 0
(496.7, 314.9), (505.9, 319.6), -1.5, -1.8, 1
(411.3, 326.0), (413.0, 321.1), -0.7, 0.8, 0
(308.0, 485.7), (309.9, 491.2), 0.5, 1.4, 1
(398.1, 414.5), (395.3, 420.2), -0.7, -1.1, 0
(404.1, 457.3), (397.3, 458.1), -0.4, -0.6, 0
(432.7, 366.2), (428.5, 375.2), 0.5, -0.1, 0
(322.9, 369.2), (317.8, 372.0), 1.7, -1.0, 0
(436.5, 364.2), (444.8, 373.1), -0.5, 0.2, 1
(304.9, 403.4), (310.4, 403.7), 0.0, -0.1, 1
(479.7, 338.5), (479.9, 347.5), -1.3, 1.8, 0
(425.4, 342.2), (428.0, 336.4), 0.7, 1.3, 0
(407.6, 440.5), (417.1, 446.1), 0.6, 1.8, 0
(304.8, 443.4), (295.5, 434.8), -1.3, -1.0, 0
(415.0, 345.5), (410.2, 343.3), 0.5, -0.3, 0
(377.9, 323.7), (368.0, 328.1), -1.7, 1.0, 0
(440.2, 314.5), (448.7, 306.6), 1.1, -0.8, 0
(356.3, 485.3), (353.9, 491.8), -1.9, -1.4, 0
(327.3, 378.2), (333.2, 379.1), 1.8, -1.4, 1
(491.5, 302.2), (499.0, 295.1), -1.8, 0.3, 1
(407.4, 489.4), (403.5, 494.4), 1.6, -0.6, 1
(481.1, 470.3), (474.0, 464.0), 0.5, -1.0, 0
(336.3, 459.9), (343.3, 467.0), 1.7, 2.0, 1
(428.9, 314.6), (432.4, 309.6), -1.2, 0.3, 1
(371.4, 434.3), (366.1, 430.0), -1.7, -1.2, 1
(390.1, 423.3), (386.2, 425.0), 0.3, -0.5, 1
(491.7, 333.7), (488.0, 339.4), 0.8, 0.6, 1
(468.0, 326.9), (472.7, 334.4), -0.1, -0.6, 1
(397.4, 321.8), (400.3, 313.4), -0.9, 1.3, 0
(352.6, 477.3), (344.2, 468.8), -1.9, 0.0, 0
(462.5, 415.8), (467.9, 410.0), -1.9, -1.0, 1
(430.8, 329.7), (428.6, 337.6), 0.4, 1.4, 0
(392.9, 402.1), (390.9, 402.1), 0.7, 1.4, 0
(451.4, 328.1), (444.6, 329.4), 0.3, 1.5, 0
(447.2, 396.7), (444.4, 391.1), -0.0, -1.7, 1
(346.8, 433.7), (347.2, 439.5), -0.4, 1.7, 0
(308.0, 429.7), (300.0, 439.1), 0.5, -0.9, 1
(415.7, 414.0), (413.3, 411.6), 0.4, 1.6, 0
(403.3, 375.3), (411.5, 375.6), -0.6, 1.5, 1
(458.5, 477.4), (448.7, 485.1), -0.2, -1.1, 1
(342.3, 337.4), (339.5, 341.7), -1.5, -1.1, 1
(444.1, 396.3), (443.6, 390.5), -1.4, 1.3, 0
(348.7, 325.6), (350.6, 318.3), 0.1, 1.6, 0
(311.2, 351.7), (304.8, 360.8), 0.4, 0.3, 0
(475.7, 445.6), (482.1, 454.5), -1.1, 0.4, 1
(473.5, 334.1), (480.1, 336.1), 1.2, 1.3, 0
(424.6, 402.2), (418.0, 405.9), 1.7, 0.4, 0
(346.0, 377.1), (338.1, 371.1), 1.4, 0.0, 1
(465.3, 421.1), (458.9, 429.1), 0.4, 1.5, 0
(318.6, 431.9), (326.7, 432.7), -2.0, 1.8, 1
(404.4, 374.1), (395.3, 374.7), -1.1, 1.2, 1
(370.1, 460.9), (378.3, 467.7), 0.3, -0.3, 1
(395.4, 346.5), (402.6, 342.2), 1.5, -0.4, 0
(301.1, 448.7), (291.2, 449.2), 0.1, -0.5, 0
(437.6, 363.2), (434.8, 356.3), 0.6, -1.0, 1
(412.9, 422.4), (422.8, 420.3), -1.2, 0.2, 1
(335.7, 411.8), (335.4, 421.6), 0.3, 1.1, 1
(447.2, 471.0), (450.3, 476.0), -0.2, 0.8, 0
(320.1, 401.7), (325.8, 407.7), 0.5, 0.7, 0
(332.1, 492.9), (322.3, 484.7), -1.4, 1.7, 1
(317.6, 352.6), (315.0, 354.8), 0.9, 1.7, 1
(422.8, 404.2), (427.0, 406.2), 1.8, 1.3, 1
(387.8, 340.3), (390.9, 346.4), -0.9, -1.9, 0
(423.0, 434.8), (420.2, 437.9), 1.9, -1.7, 1
(455.9, 370.6), (453.8, 372.3), 0.1, 0.9, 0
(483.8, 409.9), (488.4, 411.1), 0.3, -0.6, 1
(345.3, 492.6), (344.4, 490.7), -2.0, -1.3, 0
(411.7, 400.6), (408.5, 393.0), 0.1, -1.0, 1
(438.8, 493.2), (440.1, 498.6), 1.0, 1.8, 1
(436.3, 479.3), (443.6, 478.9), -1.0, -0.5, 0
(435.4, 346.0), (431.7, 355.1), 0.1, -2.0, 1
(349.7, 318.6), (353.1, 325.0), -1.7, 1.7, 1
(362.8, 343.7), (364.2, 337.4), 1.0, 1.7, 0
(399.8, 339.9), (404.5, 347.4), -1.2, -1.2, 0
(467.3, 371.2), (472.8, 363.6), -1.7, 1.8, 1
(422.8, 452.8), (423.6, 443.7), -0.1, 0.5, 1
(479.6, 476.2), (481.1, 471.7), -1.3, 1.1, 1
(379.6, 450.0), (372.1, 450.5), -0.3, 1.8, 0
(400.5, 378.7), (404.2, 372.2), 1.9, 0.8, 1
(363.1, 301.7), (366.6, 299.3), -1.6, -0.6, 1
(337.4, 352.6), (332.8, 361.7), -0.6, -1.3, 1
(342.1, 440.1), (339.6, 447.2), -0.9, -1.3, 0
(495.9, 437.2), (502.1, 441.6), 1.2, 0.2, 1
(339.2, 460.0), (344.0, 459.5), -2.0, -0.3, 0
(499.1, 469.9), (499.5, 474.3), 1.1, -0.8, 0
(379.7, 438.1), (370.9, 444.4), -0.1, 0.5, 1
(448.9, 352.0), (446.1, 353.1), 1.2, -0.6, 1
(324.2, 473.5), (333.5, 467.5), 0.3, 0.6, 0
(495.9, 356.9), (492.4, 357.1), 1.1, -0.2, 0
(376.2, 357.3), (378.8, 350.2), -1.3, 1.2, 1
(384.4, 422.5), (382.5, 430.6), -1.7, -0.6, 1
(363.4, 358.3), (358.7, 361.2), -0.9, -0.2, 1
(449.6, 404.2), (448.6, 397.5), 1.4, -1.5, 0
(432.4, 488.1), (436.4, 479.7), -1.3, -1.6, 0
(487.4, 394.6), (478.4, 400.1), 0.1, 2.0, 0
(352.5, 331.1), (355.6, 338.8), -0.8, -1.0, 1
(388.6, 325.3), (389.2, 318.7), -1.9, -0.6, 1
(472.8, 393.4), (480.3, 402.1), 0.2, -1.5, 0
(418.2, 391.3), (423.1, 398.9), -0.3, 0.6, 1
(481.8, 396.3), (476.3, 388.1), -0.8, -0.4, 0
(360.7, 300.0), (367.0, 307.0), -0.6, -0.1, 0
(437.6, 398.4), (442.7, 394.4), 1.1, 1.2, 0
(459.4, 409.6), (453.1, 417.3), -0.3, -1.0, 1
(465.7, 344.1), (457.3, 346.6), 0.1, 1.2, 1
(356.9, 448.6), (363.1, 446.8), 1.4, -1.3, 1
(322.1, 391.1), (321.1, 395.1), -0.0, -0.7, 0
(309.9, 407.0), (303.6, 399.0), -0.9, 0.9, 0
(346.6, 330.1), (346.4, 327.0), -0.8, 1.2, 1
(392.7, 458.3), (389.3, 465.2), 1.8, -1.8, 1
(314.3, 394.0), (308.1, 400.9), 1.3, 1.3, 0
(494.9, 442.9), (492.6, 452.4), -1.0, 2.0, 0
(392.2, 454.2), (392.6, 463.8), -0.1, 0.7, 1
(487.2, 331.7), (491.8, 336.6), 0.2, -1.5, 1
(427.7, 339.7), (435.5, 347.0), -1.1, -1.5, 1
(364.9, 333.5), (360.4, 325.9), 1.2, -2.0, 0
(416.2, 438.2), (420.0, 431.3), 1.1, -1.0, 1
(318.3, 423.7), (326.9, 433.7), 0.5, -1.8, 0
(440.3, 458.3), (432.8, 452.9), 1.9, 1.2, 1
(461.1, 387.7), (455.0, 391.5), -0.6, -1.5, 0
(397.1, 387.5), (393.0, 391.4), -1.2, -1.3, 1
(364.7, 393.7), (372.1, 395.7), 1.4, -1.4, 0
(389.9, 463.9), (390.7, 463.0), 1.1, 0.0, 0
(476.6, 423.9), (473.9, 426.4), -0.7, -1.7, 1
(338.0, 436.6), (343.3, 429.7), -0.9, -0.4, 1
(322.1, 404.6), (313.4, 411.3), -1.5, 1.5, 0
(321.4, 338.3), (312.0, 341.2), -0.4, -0.0, 1
(309.8, 344.1), (314.2, 334.4), 1.7, 0.6, 0
(393.6, 427.8), (390.8, 432.7), 1.6, 1.3, 0
(464.7, 353.2), (455.5, 344.6), -0.8, 1.8, 0
(320.2, 346.2), (318.0, 340.1), 0.6, 0.3, 0
(411.7, 411.6), (416.6, 417.0), 0.3, 0.7, 1
(476.6, 333.4), (470.2, 331.4), -0.6, -1.4, 1
(486.7, 480.5), (487.7, 490.4), 1.4, -0.4, 1
(465.2, 364.7), (460.0, 365.6), -0.5, 0.2, 1
(372.0, 390.5), (381.2, 380.5), -1.9, -0.9, 0
(403.5, 498.7), (399.6, 494.7), -1.1, 1.4, 0
(454.3, 488.7), (460.8, 497.1), 0.0, 0.3, 0
(318.9, 392.1), (312.0, 387.4), 1.6, -1.0, 1
(462.2, 318.4), (460.2, 326.7), 0.9, 0.9, 1
(334.6, 465.1), (338.4, 466.7), 1.6, 0.4, 1
(307.5, 461.7), (305.1, 467.3), 1.7, -0.7, 1
(383.3, 473.6), (390.7, 468.1), 0.6, 0.4, 0
(426.8, 426.4), (417.9, 426.9), -0.7, 0.3, 1
(400.5, 344.2), (391.5, 348.8), -0.4, -0.2, 0
(344.4, 358.0), (342.3, 350.6), -1.7, 0.3, 0
(409.6, 352.5), (407.6, 351.2), 0.8, 1.0, 1
(411.9, 397.6), (414.9, 391.5), 0.5, 0.9, 0
(348.5, 353.3), (347.1, 356.9), 0.3, -1.5, 1
(384.7, 369.7), (381.1, 371.5), -1.9, -0.8, 1
(423.2, 498.0), (422.1, 490.9), -1.8, 1.3, 0
(437.1, 331.2), (441.6, 322.9), 1.0, -1.0, 0
(473.8, 464.0), (464.0, 467.9), -1.6, -0.2, 0
(366.4, 448.0), (360.6, 448.9), 1.0, 0.2, 0
(439.0, 433.7), (436.5, 441.8), 0.1, -1.0, 0
(356.8, 457.8), (359.2, 448.9), 0.6, -2.0, 1
(432.1, 432.6), (440.3, 429.8), -1.6, -0.8, 1
(346.2, 376.1), (355.8, 368.1), -0.7, 1.5, 0
(337.3, 400.1), (336.4, 408.7), -1.9, -1.0, 1
(366.7, 378.7), (359.9, 375.6), -0.6, 0.5, 0
(499.2, 495.7), (494.7, 487.0), -1.0, -0.5, 0
(488.8, 489.8), (483.3, 486.7), -0.4, -1.5, 1
(404.1, 435.6), (411.6, 439.3), -0.3, 0.3, 1
(494.1, 481.9), (490.7, 482.8), -1.2, -1.4, 0
(472.5, 361.8), (476.6, 362.3), -1.5, 2.0, 0
(431.2, 413.0), (424.4, 404.3), 0.1, 0.9, 0
(363.5, 475.9), (368.1, 481.2), 1.5, -0.3, 1
(360.7, 449.1), (367.1, 451.9), 1.0, -1.4, 0
(321.4, 336.9), (326.6, 339.2), -0.9, 0.3, 0
(419.3, 346.2), (409.8, 337.8), 1.1, -1.5, 1
(442.4, 374.8), (449.4, 374.6), -1.4, -1.2, 0
(381.7, 493.8), (390.2, 502.8), -1.1, 0.7, 0
(451.6, 313.2), (460.1, 322.9), 1.5, -0.0, 1
(473.4, 477.5), (471.9, 483.0), 0.4, 1.3, 1
(378.8, 487.8), (380.3, 488.6), 0.6, 0.8, 0
(404.1, 390.3), (410.7, 381.2), 2.0, 0.1, 1
(496.8, 307.9), (494.5, 313.2), 1.9, -1.2, 1
(379.6, 360.9), (386.2, 360.1), -0.3, 0.5, 0
(438.0, 480.7), (437.3, 483.7), -1.6, 0.0, 0
(455.7, 487.6), (459.7, 480.3), -0.3, -0.2, 0
(390.7, 479.3), (398.7, 487.0), -1.6, -0.7, 0
(443.7, 324.7), (436.0, 323.7), -0.5, 0.1, 1
(445.4, 495.0), (447.6, 488.2), 0.2, -1.8, 0
(482.5, 413.1), (485.6, 406.1), 1.5, -1.3, 0
(383.9, 361.9), (389.3, 360.8), 0.5, -1.5, 0
(492.1, 300.7), (497.4, 291.0), -0.0, -0.0, 0
(421.6, 398.7), (415.9, 401.9), -0.2, -0.2, 0
(348.9, 409.5), (351.3, 410.6), 1.3, -1.8, 0
(311.0, 369.8), (303.9, 360.5), 0.3, 0.4, 1
(484.1, 309.8), (482.4, 303.4), 0.7, 0.4, 0
(493.3, 449.9), (490.5, 440.6), 1.1, -0.7, 1
(464.1, 451.7), (470.9, 443.0), -0.1, -1.5, 1
(365.8, 382.8), (360.0, 376.9), -1.8, 0.3, 0
(396.7, 437.7), (405.4, 447.5), -0.9, 0.4, 1
(351.9, 415.0), (354.4, 423.6), 0.5, -0.0, 1
(398.5, 336.0), (400.7, 340.2), 1.9, -2.0, 0
(393.0, 459.3), (397.7, 453.5), 0.5, -0.3, 0
(366.8, 412.1), (369.5, 402.3), -1.2, -0.9, 0
(361.6, 401.3), (358.0, 391.5), 0.7, -0.6, 0
(466.4, 338.8), (473.1, 347.2), -0.1, -0.1, 0
(429.1, 396.3), (431.7, 404.1), 0.1, -0.7, 1
(485.6, 311.2), (486.0, 312.5), 0.7, 0.2, 0
(341.7, 437.1), (347.6, 444.9), -0.6, 1.9, 1
(468.1, 367.8), (465.7, 368.5), -1.3, 0.4, 0
(419.0, 472.9), (424.1, 477.0), -0.7, -1.9, 1
(317.4, 475.4), (314.8, 482.0), -0.8, 0.1, 0
(322.4, 457.0), (328.0, 465.3), -0.2, -1.9, 1
(481.0, 330.8), (477.8, 330.5), 1.5, -0.8, 1
(328.7, 474.4), (335.1, 483.1), 0.7, -1.5, 0
(391.9, 442.7), (392.3, 432.8), 1.7, 0.7, 0
(366.7, 477.8), (358.7, 483.2), 1.0, -1.9, 1
(427.8, 342.0), (421.8, 337.7), 0.1, 1.1, 0
(354.5, 331.5), (346.8, 340.7), 0.2, -1.6, 1
(409.9, 354.2), (418.7, 360.3), 0.3, -1.3, 1
(422.7, 367.7), (421.5, 360.3), -0.1, 0.7, 0
(376.7, 317.2), (374.6, 321.3), 1.6, 0.5, 1
(423.3, 362.5), (429.6, 366.7), 0.7, 0.1, 1
(413.6, 318.6), (419.6, 322.6), -1.6, -0.8, 1
(394.1, 489.5), (387.0, 497.4), -1.0, -0.5, 0
(439.9, 433.0), (445.7, 440.7), -0.2, -1.9, 1
(322.6, 395.7), (329.5, 391.4), -0.6, 0.3, 0
(381.1, 442.9), (373.3, 444.0), -1.7, -0.8, 1
(380.2, 382.7), (382.6, 383.6), 1.9, -0.5, 1
(341.6, 438.8), (340.3, 448.4), 0.3, -0.6, 0
(334.6, 433.9), (339.4, 438.2), 1.3, -1.5, 1
(365.1, 319.5), (364.0, 315.7), -0.4, 0.4, 1
(365.5, 429.0), (356.7, 423.4), -1.4, 0.3, 0
(451.4, 432.2), (450.5, 428.0), 0.5, -0.2, 0
(436.3, 363.3), (437.7, 371.6), -0.8, 1.8, 1
(443.6, 483.0), (453.4, 484.7), 0.4, 0.0, 0
(470.5, 312.5), (478.5, 321.8), -2.0, 0.2, 1
(321.9, 356.4), (312.6, 355.1), 0.4, 0.5, 1
(381.2, 387.0), (375.4, 380.5), -1.4, 0.2, 1
(468.0, 330.9), (477.9, 334.3), -1.5, -1.7, 0
(328.8, 477.0), (332.0, 486.5), -1.5, -1.5, 1
(472.0, 478.7), (475.9, 487.3), 0.5, -0.2, 1
(410.4, 390.0), (407.5, 383.7), 0.4, 0.3, 0
(442.4, 353.9), (451.0, 355.4), -1.9, -1.8, 1
(441.0, 322.6), (440.6, 326.4), -1.4, 0.9, 1
(393.0, 315.6), (400.8, 307.4), -0.1, 1.0, 0
(436.8, 407.8), (438.4, 410.1), 1.6, 0.1, 0
(393.8, 402.5), (393.2, 407.2), -0.3, 1.8, 1
(357.8, 307.1), (366.3, 312.1), 0.9, 0.3, 0
(425.9, 415.6), (427.3, 418.8), -0.8, 0.9, 0
(357.4, 316.5), (357.5, 323.5), -0.9, -1.5, 1
(355.0, 351.4), (359.9, 353.5), 1.6, 1.0, 1
(374.0, 335.1), (379.6, 329.8), -1.3, 0.1, 0
(368.6, 316.9), (361.5, 325.6), -1.4, -0.0, 1
(454.1, 347.6), (452.9, 350.3), -1.2, 0.9, 1
(310.9, 352.9), (317.3, 343.9), -0.1, -0.1, 1
(449.2, 450.5), (449.9, 448.1), 0.8, -0.1, 0
(406.1, 386.9), (401.9, 392.9), -0.5, -0.7, 0
(319.5, 406.3), (316.5, 413.1), 0.4, 0.6, 1
(367.0, 353.4), (359.0, 356.5), -0.4, 1.1, 0
(446.9, 417.7), (440.8, 414.5), 0.8, -1.3, 0
(434.6, 466.3), (424.8, 458.3), -1.6, -0.2, 0
(445.1, 350.4), (435.7, 352.8), -1.8, 0.4, 0
(490.1, 427.6), (494.3, 420.0), 1.4, -1.5, 0
(479.2, 439.1), (474.3, 438.5), 1.7, 0.6, 1
(453.9, 438.4), (457.2, 443.8), -1.0, 1.1, 1
(455.4, 376.6), (452.1, 367.8), 1.8, -0.9, 1
(313.9, 495.9), (307.9, 493.7), 0.6, -1.6, 1
(343.7, 428.7), (351.9, 433.0), -1.6, -1.7, 1
(455.4, 303.8), (455.4, 306.8), -2.0, -1.8, 1
(353.3, 440.0), (361.4, 441.5), 0.1, 1.8, 1
(395.6, 380.8), (400.2, 387.0), -1.7, -1.1, 1
(490.8, 463.6), (490.5, 464.9), 1.7, -0.6, 1
(380.1, 426.5), (389.3, 418.3), 0.1, 1.8, 0
(468.2, 452.1), (464.0, 446.2), 0.2, 1.9, 0
(359.8, 378.0), (351.9, 381.8), -0.1, 1.5, 1
(447.1, 328.0), (440.9, 332.4), 0.4, -0.0, 0
(458.5, 428.7), (458.5, 438.0), 1.2, 1.9, 0
(307.4, 311.2), (313.2, 302.1), -1.5, 1.2, 1
(488.0, 474.0), (488.7, 478.9), -1.1, -1.7, 0
(397.8, 303.8), (405.9, 306.2), -1.0, 0.6, 0
(334.4, 310.0), (330.6, 315.9), -0.2, -1.3, 0
(463.6, 321.3), (463.5, 327.2), -1.1, 1.2, 1
(367.5, 467.2), (372.2, 465.2), -1.5, 0.7, 0
(364.3, 492.9), (358.6, 483.9), -1.3, -1.7, 1
(328.2, 383.0), (332.2, 384.1), -0.2, 1.7, 0
(326.7, 458.2), (329.3, 455.7), -1.4, 1.5, 0
(301.3, 335.9), (293.1, 338.9), 1.5, -0.3, 1
(438.5, 341.2), (441.3, 341.7), -0.4, 1.8, 0
(419.3, 443.4), (421.5, 435.2), 1.3, -0.8, 1
(300.9, 347.1), (293.3, 347.7), -1.6, -0.6, 0
(392.8, 425.3), (387.0, 416.4), -1.5, -1.4, 1
(399.5, 332.0), (408.0, 323.0), -0.5, -1.2, 1
(366.9, 461.0), (372.0, 451.9), 1.0, 1.7, 0
(331.6, 305.8), (331.9, 297.2), -1.1, -0.2, 1
(383.8, 449.4), (391.8, 444.0), -1.6, -1.1, 0
(447.5, 474.0), (445.1, 468.4), -0.1, -0.1, 1
(329.0, 485.6), (328.1, 483.3), -1.5, 0.9, 1
(495.1, 340.4), (487.7, 344.3), -1.8, -1.5, 1
(391.7, 334.2), (388.6, 342.0), 0.4, 1.2, 0
(415.6, 410.6), (410.2, 408.8), 0.1, 1.4, 0
(418.3, 467.4), (413.9, 472.0), 0.9, -1.0, 1
(386.8, 344.5), (395.4, 353.4), 1.7, 1.6, 1
(496.0, 308.0), (495.4, 313.4), -1.9, 0.1, 1
(461.9, 439.3), (453.9, 439.2), -1.7, 1.0, 1
(490.0, 326.5), (485.9, 329.5), -1.6, -0.1, 1
(332.4, 391.9), (333.8, 393.5), 1.9, -0.1, 0
(474.8, 381.1), (480.6, 378.5), -0.1, 0.5, 0
(377.0, 438.2), (377.6, 434.1), 1.0, 0.8, 0
(457.5, 316.2), (465.2, 320.9), -1.8, 1.8, 1
(477.6, 322.2), (474.9, 324.6), -0.5, -1.3, 0
(412.2, 454.7), (404.9, 451.4), 0.2, 0.6, 0
(450.6, 452.2), (447.0, 460.1), 0.0, -0.3, 0
(312.7, 369.0), (312.4, 369.6), -1.5, 0.8, 1
(390.4, 373.6), (393.9, 377.5), 1.9, 1.5, 0
(478.4, 391.6), (470.0, 399.5), -0.8, 1.8, 0
(333.0, 322.4), (325.9, 315.4), -1.2, 1.8, 0
(358.6, 493.9), (359.5, 486.6), -0.6, -0.2, 0
(358.3, 312.6), (365.7, 307.2), 1.8, 0.6, 1
(415.7, 431.2), (421.5, 430.9), 0.7, 0.1, 1
(391.6, 413.5), (399.6, 409.6), 1.2, -1.1, 1
(494.1, 453.9), (485.1, 451.0), -0.2, -1.3, 0
(442.4, 357.0), (451.8, 363.8), 0.8, 0.7, 0
(332.3, 323.4), (342.1, 324.9), -0.2, -0.5, 0
(412.5, 306.9), (408.8, 303.8), -0.5, 0.2, 0
(406.7, 324.3), (397.2, 332.9), 1.1, 1.8, 1
(331.2, 494.0), (332.1, 494.2), 0.6, -0.8, 1
(493.9, 450.8), (503.8, 454.2), 1.2, 0.9, 1
(367.7, 322.5), (367.3, 313.3), 0.7, -1.5, 0
(380.3, 468.2), (379.2, 460.0), -1.8, 0.6, 0
(456.3, 453.4), (450.2, 445.1), 1.4, 0.7, 0
(495.2, 378.9), (495.0, 380.9), 0.0, -1.8, 1
(379.5, 443.2), (378.1, 440.9), -2.0, -0.6, 1
(495.5, 474.9), (487.3, 479.4), -0.2, 2.0, 1
(357.7, 461.1), (367.1, 459.6), 1.6, -1.4, 0
(328.7, 360.6), (338.5, 361.2), -0.7, 1.7, 1
(317.7, 381.9), (326.0, 380.2), 0.2, 0.8, 0
(339.9, 466.5), (335.6, 466.3), 1.3, -0.8, 1
(398.8, 448.0), (393.3, 453.8), -1.4, -0.8, 1
(324.8, 433.2), (320.6, 426.8), 1.6, 0.6, 0
(323.9, 355.4), (333.8, 346.8), 1.0, 0.3, 1
(473.7, 425.6), (473.2, 429.5), -1.5, 0.1, 0
(469.1, 332.6), (460.2, 329.0), 1.5, -1.5, 0
(310.6, 372.2), (313.3, 381.3), -1.8, -0.8, 0
(402.8, 453.3), (396.4, 445.2), 1.0, 0.2, 1
(465.4, 437.0), (461.4, 440.7), 0.8, -1.6, 1
(464.7, 302.6), (465.0, 300.0), -0.1, -0.6, 0
(320.5, 330.9), (314.9, 324.7), 1.6, 0.5, 0
(383.5, 483.2), (375.8, 475.8), -1.9, -0.6, 1
(327.8, 388.4), (337.6, 388.9), 1.9, -1.3, 1
(305.8, 462.9), (300.2, 470.1), -1.4, -1.1, 0
(342.0, 496.2), (340.5, 501.5), -1.6, -1.9, 1
(451.5, 308.5), (443.6, 314.4), 0.1, -1.8, 0
(481.7, 308.7), (477.7, 298.9), -1.6, -1.5, 0
(417.5, 340.0), (420.9, 330.6), -1.4, 1.0, 1
(489.8, 369.6), (483.0, 369.6), 0.9, -1.0, 0
(319.8, 415.6), (310.1, 410.0), -1.2, -0.9, 0
(494.7, 319.7), (489.0, 319.8), 0.8, -0.5, 0
(387.9, 491.5), (381.6, 488.6), -0.5, -1.1, 0
(381.5, 452.3), (377.8, 451.6), 0.1, -0.0, 1
(440.9, 411.4), (431.8, 408.0), -1.5, -0.9, 1
(437.4, 468.2), (431.9, 466.4), 1.9, -0.3, 0
(479.0, 460.5), (487.7, 457.8), -1.9, 0.7, 0
(379.3, 404.5), (382.8, 396.9), -0.4, 0.8, 0
(448.3, 478.5), (441.7, 475.8), -1.2, -1.2, 1
(324.6, 467.6), (329.1, 463.2), 0.9, 0.3, 1
(451.3, 460.2), (460.1, 457.3), 0.7, 1.8, 1
(402.3, 329.5), (401.4, 321.9), -0.0, -1.1, 0
(305.9, 447.6), (312.6, 447.5), -1.9, -1.3, 1
(330.5, 424.4), (322.5, 415.9), 1.0, 1.1, 1
(340.4, 432.4), (340.2, 427.7), -0.6, 1.4, 0
(490.5, 306.3), (489.1, 314.6), -0.5, -0.7, 1
(388.5, 307.2), (382.0, 310.4), 1.1, 1.5, 0
(398.3, 326.9), (402.6, 326.6), -1.6, 0.7, 1
(395.2, 470.9), (395.3, 468.7), -0.0, 1.9, 1
(453.3, 356.9), (444.5, 358.7), -1.5, -0.5, 0
(453.0, 425.0), (450.7, 423.6), 2.0, -0.4, 0
(432.2, 349.5), (435.2, 351.4), 1.6, -1.7, 1
(322.9, 334.0), (323.7, 324.7), 0.6, -0.3, 1
(353.3, 439.2), (355.1, 448.9), -0.5, -0.4, 0
(461.7, 320.0), (465.2, 316.7), 0.0, 1.1, 1
(333.3, 359.9), (342.7, 353.9), 0.5, 1.9, 0
(468.1, 407.2), (463.8, 398.1), 2.0, -0.4, 0
(424.9, 491.6), (429.3, 493.2), 0.4, -0.9, 1
(385.4, 369.5), (377.0, 375.9), 0.0, -0.8, 1
(340.0, 380.5), (342.5, 379.5), 1.1, -1.3, 0
(425.6, 403.2), (419.3, 403.2), 0.6, 1.3, 1
(353.6, 427.6), (359.8, 434.6), 1.6, 1.7, 0
(404.5, 372.9), (397.4, 365.9), 0.7, -0.8, 1
(382.1, 472.0), (390.3, 474.7), 1.4, -0.9, 1
(429.2, 351.3), (431.2, 349.4), -1.5, -1.2, 0
(459.4, 362.1), (459.1, 371.9), -0.3, 1.6, 0
(331.9, 327.3), (327.0, 333.4), 0.6, -1.3, 0
(492.8, 397.2), (483.2, 404.4), -1.7, 0.4, 0
(480.1, 381.4), (477.4, 384.5), -1.6, 1.8, 0
(347.2, 414.2), (347.2, 406.6), 0.7, 0.3, 1
(399.3, 318.0), (401.3, 323.5), -0.7, 1.3, 1
(461.2, 448.8), (469.9, 443.2), -1.6, -1.1, 1
(387.9, 350.9), (389.7, 350.7), -0.5, 1.8, 1
(409.1, 395.0), (404.1, 390.5), 1.1, -1.4, 1
(443.1, 464.3), (433.6, 473.6), 0.4, 1.4, 0
(438.1, 457.8), (432.9, 458.8), -0.8, 1.8, 1
(480.6, 437.0), (481.3, 431.8), -0.2, -2.0, 1
(485.5, 483.6), (481.5, 492.3), 1.0, -0.8, 0
(483.2, 426.3), (490.8, 431.6), -0.4, -1.9, 0
(464.6, 488.1), (464.1, 486.4), 1.4, 0.9, 0
(464.9, 439.7), (465.0, 436.7), 0.4, 1.3, 1
(390.7, 305.5), (381.7, 308.3), 0.5, 1.2, 0
(300.6, 340.0), (296.7, 341.5), -1.6, -1.0, 0
(469.4, 437.2), (475.2, 433.5), -0.1, 0.9, 1
(334.7, 418.6), (331.2, 414.2), -1.7, -0.5, 1
(475.3, 489.0), (483.0, 483.4), 1.8, 1.7, 0
(481.4, 494.8), (475.3, 498.9), -1.3, -0.4, 1
(420.1, 329.9), (429.2, 323.3), 0.3, -1.9, 1
(454.7, 485.7), (461.2, 485.5), -1.1, -1.2, 1
(357.6, 398.8), (350.2, 406.0), 0.4, 2.0, 1
(445.3, 337.9), (438.9, 343.7), -1.9, 1.9, 0
(423.5, 481.5), (420.9, 485.2), -0.2, -2.0, 0
(474.3, 494.9), (472.2, 489.1), -0.5, -0.3, 1
(314.6, 411.4), (305.7, 420.0), -0.1, -0.6, 0
(301.1, 400.9), (298.7, 410.5), 0.7, -1.5, 0
(416.1, 352.1), (416.2, 360.7), 1.5, -1.5, 1
(442.1, 386.6), (437.3, 382.9), 1.9, -0.0, 1
(449.6, 485.2), (445.2, 492.8), 0.5, 1.0, 1
(403.4, 387.2), (396.7, 391.9), -0.0, 1.8, 1
(310.6, 329.7), (305.2, 320.4), -1.0, 0.8, 1
(323.2, 479.0), (323.1, 477.9), 2.0, 0.2, 1
(398.6, 469.2), (405.9, 461.6), -1.6, 1.5, 0
(467.0, 450.0), (473.4, 451.3), 0.7, -1.2, 0
(405.2, 414.2), (403.5, 405.7), 1.1, 0.7, 1
(305.2, 436.3), (308.8, 434.1), 0.4, 1.8, 1
(330.8, 316.2), (337.4, 319.4), -0.2, 1.8, 0
(365.9, 308.8), (368.3, 307.8), 1.8, 2.0, 0
(342.3, 309.7), (345.1, 306.2), -1.8, -1.7, 1
(318.5, 351.0), (313.3, 356.5), -0.4, -1.9, 0
(332.6, 455.9), (328.3, 460.9), 0.6, -1.5, 1
(460.2, 447.2), (468.7, 455.3), 0.4, -0.6, 0
(466.4, 402.5), (466.2, 410.2), -0.1, 0.3, 1
(318.0, 384.5), (315.4, 378.2), 0.5, -1.6, 1
(494.7, 435.3), (497.6, 439.6), 1.7, 0.1, 0
(358.1, 387.5), (366.3, 387.0), -1.4, -1.5, 1
(468.3, 404.6), (464.2, 395.6), -1.7, -1.8, 0
(402.1, 382.6), (401.4, 387.0), 1.3, -0.6, 0
(453.7, 303.3), (458.5, 302.5), 1.1, 1.4, 0
(316.7, 475.4), (312.6, 477.1), -0.2, 0.7, 1
(368.3, 483.6), (374.5, 477.8), -1.7, 1.9, 1
(474.3, 321.3), (475.0, 311.4), -1.5, -1.3, 1
(392.0, 381.0), (395.2, 385.9), 0.9, -0.8, 1
(438.1, 492.6), (441.6, 498.7), -1.6, -1.5, 0
(322.4, 303.2), (331.8, 310.4), -1.2, 0.6, 0
(387.2, 425.2), (393.0, 419.0), -0.8, -0.1, 1
(384.4, 323.3), (392.4, 328.1), -0.2, -0.1, 0
(472.0, 417.0), (466.0, 418.4), 1.3, -1.8, 0
(320.5, 469.5), (319.2, 467.8), -0.0, 0.3, 1
(307.4, 379.9), (307.7, 384.4), 1.7, 1.6, 1
(346.4, 312.1), (336.8, 313.7), 0.2, -0.9, 1
(477.8, 323.4), (480.3, 326.3), -0.2, -0.3, 0
(357.6, 338.4), (354.5, 333.1), -1.1, 1.6, 1
(484.3, 470.7), (488.7, 470.1), 1.5, 0.9, 1
(492.0, 466.6), (495.4, 471.3), 1.2, 1.2, 0
(424.4, 356.5), (429.4, 359.8), -1.5, -1.2, 1
(320.2, 383.2), (330.1, 379.3), -1.2, -1.8, 0
(371.8, 352.2), (375.3, 345.7), 1.4, 0.0, 0
(367.5, 322.8), (362.1, 324.0), -0.1, 2.0, 1
(453.9, 454.0), (455.0, 461.9), 1.4, 1.5, 0
(441.3, 485.3), (440.0, 484.5), 1.4, -1.6, 0
(456.3, 421.9), (463.5, 414.0), 0.2, 0.0, 0
(426.0, 474.2), (434.2, 467.3), -0.8, -0.2, 1
(446.5, 319.9), (449.5, 316.6), -1.4, 1.4, 1
(493.9, 453.8), (484.1, 460.5), -0.1, -0.9, 0
(317.0, 374.5), (322.1, 371.7), 0.7, -1.4, 1
(457.4, 327.6), (456.0, 336.0), 1.6, 1.8, 1
(488.7, 388.5), (494.2, 392.9), 0.1, -1.7, 1
(363.0, 496.4), (356.2, 487.6), 1.0, 0.6, 0
(480.5, 311.6), (483.1, 315.8), 0.6, 0.1, 1
(383.9, 477.2), (387.9, 484.6), 0.9, -0.7, 1
(301.6, 356.0), (302.1, 364.4), 0.8, -0.2, 0
(477.5, 424.9), (479.9, 423.7), -0.6, 1.2, 1
(455.1, 476.2), (446.8, 476.9), -0.4, 0.9, 0
(404.1, 408.2), (398.4, 408.4), -0.8, -0.6, 0
(304.7, 478.1), (305.5, 473.2), 1.3, -0.8, 1
(497.4, 322.1), (488.6, 319.5), 0.5, -0.6, 0
(451.3, 488.3), (450.3, 489.7), -2.0, -0.6, 0
(461.1, 497.8), (462.4, 505.7), 0.5, 0.1, 0
